[MAIN]
elementnum=1
[0]
color=255,255,255,255
elementtype=10000
event=null
groundoffset=1699.221436,3130.054199,0.000000
groupfile=null
groupid=0
id=0
kind=“ª∞„¿‡–Õ
mapedit=0
obstacletype=4
pointarray=(-2.069946,-0.324707,0.000000,) (-1.898438,-1.694580,0.000000,) (-0.345581,-2.811035,0.000000,) (1.034912,-2.153564,0.000000,) (2.092651,-1.236816,0.000000,) (0.571411,-0.064941,0.000000,) (-1.207275,0.000000,0.000000,) (-2.069946,-0.324707,0.000000,) 
pointnum=8
radius=0.200000
regionoffset=3.221436,26.054199,0.000000
template=null
templateindex=0
