[MAIN]
elementnum=4
[0]
color=255,255,255,255
elementtype=10000
event=null
groundoffset=1723.533691,3055.758301,0.000000
groupfile=null
groupid=0
id=0
kind=一般类型
mapedit=0
obstacletype=4
pointarray=(3.626099,-6.775635,0.000000,) (3.875977,-7.076904,0.000000,) (5.095947,-3.851318,0.000000,) (4.785522,-3.496582,0.000000,) (3.626099,-6.775635,0.000000,) 
pointnum=5
radius=0.200000
regionoffset=11.533691,15.758301,0.000000
template=null
templateindex=0
[1]
color=255,255,255,255
elementtype=10000
event=null
groundoffset=1723.533691,3055.758301,0.000000
groupfile=null
groupid=0
id=0
kind=一般类型
mapedit=0
obstacletype=4
pointarray=(0.267700,-3.437500,0.000000,) (1.446655,-0.218018,0.000000,) (0.192139,-1.265381,0.000000,) (0.267700,-3.437500,0.000000,) 
pointnum=4
radius=0.200000
regionoffset=11.533691,15.758301,0.000000
template=null
templateindex=0
[2]
color=255,255,255,255
elementtype=10000
event=null
groundoffset=1712.367310,3056.191162,0.000000
groupfile=null
groupid=0
id=0
kind=一般类型
mapedit=0
obstacletype=4
pointarray=(1.368774,-6.738770,0.000000,) (0.099609,-3.558838,0.000000,) (-0.147583,-3.796875,0.000000,) (1.058838,-6.980957,0.000000,) (1.368774,-6.738770,0.000000,) 
pointnum=5
radius=0.200000
regionoffset=0.367310,16.191162,0.000000
template=null
templateindex=0
[3]
color=255,255,255,255
elementtype=10000
event=null
groundoffset=1712.367310,3056.191162,0.000000
groupfile=null
groupid=0
id=0
kind=一般类型
mapedit=0
obstacletype=4
pointarray=(4.724243,-3.202393,0.000000,) (3.528320,-0.142090,0.000000,) (4.820679,-1.312988,0.000000,) (4.724243,-3.202393,0.000000,) 
pointnum=4
radius=0.200000
regionoffset=0.367310,16.191162,0.000000
template=null
templateindex=0
