[MAIN]
elementnum=1
[0]
color=255,255,255,255
elementtype=10000
event=null
groundoffset=1486.13,3665.67,0
groupfile=null
groupid=0
id=0
kind=“ª∞„¿‡–Õ
mapedit=0
obstacletype=1
pointarray=(-0.017822,-1.85889,0,) (2.20374,-0.383057,0,) (3.4331,-1.21582,0,) (3.36951,-2.05225,0,) (1.13708,-4.38843,0,) (0.186279,-3.80176,0,) (-0.017822,-1.85889,0,) 
pointnum=7
radius=0.2
regionoffset=14.1268,17.6724,0
template=null
templateindex=0
