[MAIN]
elementnum=1
[0]
color=255,255,255,255
elementtype=10000
event=null
groundoffset=1606.03,3232.39,0
groupfile=null
groupid=0
id=0
kind=“ª∞„¿‡–Õ
mapedit=0
obstacletype=4
pointarray=(-1.76575,-0.649902,0,) (-1.16956,-0.97583,0,) (-0.568604,0.129639,0,) (0.192139,0.064941,0,) (1.18506,-1.1062,0,) (1.71081,-1.95679,0,) (0.283325,-2.94287,0,) (-1.53967,-1.69458,0,) (-1.76575,-0.649902,0,) 
pointnum=9
radius=0.2
regionoffset=6.03186,32.387,0
template=null
templateindex=0
