[MAIN]
color=0,123,137,255
event=西北南区
rect=98,99,112,104
verson=0
windspeed=0.100000,0.000000,0.000000
[LIGHT]
Dawn=255,24,24,40
Dusk=255,56,50,40
Evening=255,48,40,36
Forenoon=255,64,64,64
InDoor=255,30,28,33
MidNight=255,24,24,30
Morning=255,56,56,65
Noon=255,88,88,88
