[MAIN]
elementnum=4
[0]
color=255,255,255,255
elementtype=10000
event=null
groundoffset=1625.88,3868.21,0
groupfile=null
groupid=0
id=0
kind=一般类型
mapedit=0
obstacletype=4
pointarray=(1.36877,-6.73877,0,) (0.099609,-3.55884,0,) (-0.147583,-3.79688,0,) (1.05884,-6.98096,0,) (1.36877,-6.73877,0,) 
pointnum=5
radius=0.2
regionoffset=9.87732,28.21,0
template=null
templateindex=0
[1]
color=255,255,255,255
elementtype=10000
event=null
groundoffset=1625.88,3868.21,0
groupfile=null
groupid=0
id=0
kind=一般类型
mapedit=0
obstacletype=4
pointarray=(4.72424,-3.20239,0,) (3.52832,-0.14209,0,) (4.82068,-1.31299,0,) (4.72424,-3.20239,0,) 
pointnum=4
radius=0.2
regionoffset=9.87732,28.21,0
template=null
templateindex=0
[2]
color=255,255,255,255
elementtype=10000
event=null
groundoffset=1629.25,3871.55,0
groupfile=null
groupid=0
id=0
kind=一般类型
mapedit=0
obstacletype=4
pointarray=(1.36877,-6.73877,0,) (0.099609,-3.55884,0,) (-0.147583,-3.79688,0,) (1.05884,-6.98096,0,) (1.36877,-6.73877,0,) 
pointnum=5
radius=0.2
regionoffset=13.2523,31.5513,0
template=null
templateindex=0
[3]
color=255,255,255,255
elementtype=10000
event=null
groundoffset=1629.25,3871.55,0
groupfile=null
groupid=0
id=0
kind=一般类型
mapedit=0
obstacletype=4
pointarray=(4.72424,-3.20239,0,) (3.52832,-0.14209,0,) (4.82068,-1.31299,0,) (4.72424,-3.20239,0,) 
pointnum=4
radius=0.2
regionoffset=13.2523,31.5513,0
template=null
templateindex=0
