[MAIN]
elementnum=3
[0]
color=255,255,255,255
elementtype=1001
event=null
groundoffset=1692.807739,2986.398682,0.000000
groupfile=\游戏资源\组件\草－1.txt
groupid=10072
id=0
iframe=3
kind=一般类型
layer=0
mapedit=0
template=\游戏资源\美术图素\野外\花花草草\地面grass_1025_03.txt
templateindex=3
texHeight=62
texWidth=107
texX=0
texY=62
[1]
color=255,255,255,255
elementtype=1001
event=null
groundoffset=1694.158447,2981.776367,0.000000
groupfile=\游戏资源\组件\草－1.txt
groupid=10072
id=0
iframe=3
kind=一般类型
layer=0
mapedit=0
template=\游戏资源\美术图素\野外\花花草草\地面grass_1025_03.txt
templateindex=3
texHeight=62
texWidth=107
texX=0
texY=62
[2]
color=255,255,255,255
elementtype=1001
event=null
groundoffset=1694.053223,2984.725586,0.000000
groupfile=\游戏资源\组件\草－1.txt
groupid=10072
id=0
iframe=1
kind=一般类型
layer=0
mapedit=0
template=\游戏资源\美术图素\野外\花花草草\地面grass_1025_03.txt
templateindex=1
texHeight=61
texWidth=109
texX=0
texY=61
