[MAIN]
elementnum=1
[0]
color=255,255,255,255
elementtype=10000
event=null
groundoffset=1418.075195,2745.016357,0.000000
groupfile=null
groupid=0
id=0
kind=“ª∞„¿‡–Õ
mapedit=0
obstacletype=4
pointarray=(-1.963623,-0.929443,0.000000,) (-1.018311,0.231689,0.000000,) (0.693115,0.462891,0.000000,) (2.250732,-0.696533,0.000000,) (2.006714,-2.391357,0.000000,) (-0.835571,-2.508789,0.000000,) (-1.963623,-0.929443,0.000000,) 
pointnum=7
radius=0.200000
regionoffset=10.075195,25.016357,0.000000
template=null
templateindex=0
