[MAIN]
elementnum=1
[0]
color=255,255,255,255
elementtype=10000
event=null
groundoffset=1575.49,3181.44,0
groupfile=null
groupid=0
id=0
kind=“ª∞„¿‡–Õ
mapedit=0
obstacletype=2
pointarray=(0.450317,-0.98877,0,) (0.053467,-0.55542,0,) (0.340576,0,0,) (0.864502,-0.185059,0,) (0.795166,-0.740967,0,) (0.450317,-0.98877,0,) 
pointnum=6
radius=0.2
regionoffset=7.48645,13.4417,0
template=null
templateindex=0
