[MAIN]
elementnum=2
[0]
color=255,255,255,255
elementtype=10000
event=null
groundoffset=1728.98,3253.71,0
groupfile=null
groupid=0
id=0
kind=一般类型
mapedit=0
obstacletype=4
pointarray=(-2.32605,-0.578613,0,) (-1.61231,0.230957,0,) (0.388306,-0.057861,0,) (2.37415,-1.39185,0,) (2.04871,-2.73608,0,) (-0.685303,-3.32349,0,) (-2.32605,-0.578613,0,) 
pointnum=7
radius=0.2
regionoffset=0.978516,21.7104,0
template=null
templateindex=0
[1]
color=255,255,255,255
elementtype=10000
event=null
groundoffset=1730.56,3254.07,0
groupfile=null
groupid=0
id=0
kind=一般类型
mapedit=0
obstacletype=4
pointarray=(-1.39795,0.064941,0,) (1.20544,0.259521,0,) (1.25207,-1.69458,0,) (-0.726685,-1.69458,0,) (-1.62036,-0.519775,0,) (-1.39795,0.064941,0,) 
pointnum=6
radius=0.2
regionoffset=2.55701,22.0681,0
template=null
templateindex=0
