[MAIN]
elementnum=2
[0]
color=255,255,255,255
elementtype=10000
event=null
groundoffset=1543.805054,2631.588623,0.000000
groupfile=null
groupid=0
id=0
kind=一般类型
mapedit=0
obstacletype=4
pointarray=(6.072534,-12.095118,0.000000,) (8.665405,-6.255859,0.000000,) (8.626953,-5.759766,0.000000,) 
pointnum=3
radius=0.200000
regionoffset=7.805054,7.588623,0.000000
template=null
templateindex=0
[1]
color=255,255,255,255
elementtype=10000
event=null
groundoffset=1543.805054,2631.588623,0.000000
groupfile=null
groupid=0
id=0
kind=一般类型
mapedit=0
obstacletype=4
pointarray=(0.295752,-6.608057,0.000000,) (0.227271,-3.343408,0.000000,) (3.039795,-0.276123,0.000000,) (3.039673,-0.998535,0.000000,) (0.295752,-6.608057,0.000000,) 
pointnum=5
radius=0.200000
regionoffset=7.805054,7.588623,0.000000
template=null
templateindex=0
