[MAIN]
HaveMap=1
IsInDoor=1
brightness=255
color=88,0,103,255
event=中原南区
rect=93,87,115,101
verson=0
windspeed=0.110000,0.000000,0.000000
[LIGHT]
Dawn=255,24,24,40
Dusk=255,56,50,40
Evening=255,48,40,36
Forenoon=255,64,64,64
InDoor=255,22,0,26
MidNight=255,24,24,30
Morning=255,56,56,65
Noon=255,88,88,88
