[MAIN]
elementnum=2
[0]
color=255,255,255,255
elementtype=10000
event=null
groundoffset=1958.288330,2711.001221,0.000000
groupfile=null
groupid=0
id=0
kind=一般类型
mapedit=0
obstacletype=4
pointarray=(1.368774,-6.738770,0.000000,) (0.099609,-3.558838,0.000000,) (-0.147583,-3.796875,0.000000,) (1.058838,-6.980957,0.000000,) (1.368774,-6.738770,0.000000,) 
pointnum=5
radius=0.200000
regionoffset=6.288330,23.001221,0.000000
template=null
templateindex=0
[1]
color=255,255,255,255
elementtype=10000
event=null
groundoffset=1958.288330,2711.001221,0.000000
groupfile=null
groupid=0
id=0
kind=一般类型
mapedit=0
obstacletype=4
pointarray=(4.724243,-3.202393,0.000000,) (3.528320,-0.142090,0.000000,) (4.820679,-1.312988,0.000000,) (4.724243,-3.202393,0.000000,) 
pointnum=4
radius=0.200000
regionoffset=6.288330,23.001221,0.000000
template=null
templateindex=0
