[MAIN]
elementnum=3
[0]
color=255,255,255,255
elementtype=10000
event=null
groundoffset=1461.578979,2698.864502,0.000000
groupfile=null
groupid=0
id=0
kind=一般类型
mapedit=0
obstacletype=4
pointarray=(-1.979248,-1.270264,0.000000,) (-0.548462,0.240967,0.000000,) (1.288208,0.301270,0.000000,) (2.167358,-1.817627,0.000000,) (0.499146,-2.549561,0.000000,) (-1.096680,-1.939209,0.000000,) (-1.979248,-1.270264,0.000000,) 
pointnum=7
radius=0.200000
regionoffset=5.578979,10.864502,0.000000
template=null
templateindex=0
[1]
color=255,255,255,255
elementtype=10000
event=null
groundoffset=1462.631104,2695.394043,0.000000
groupfile=null
groupid=0
id=0
kind=一般类型
mapedit=0
obstacletype=4
pointarray=(-1.765747,-0.649902,0.000000,) (-1.169556,-0.975830,0.000000,) (-0.568604,0.129639,0.000000,) (0.192139,0.064941,0.000000,) (1.185059,-1.106201,0.000000,) (1.710815,-1.956787,0.000000,) (0.283325,-2.942871,0.000000,) (-1.539673,-1.694580,0.000000,) (-1.765747,-0.649902,0.000000,) 
pointnum=9
radius=0.200000
regionoffset=6.631104,7.394043,0.000000
template=null
templateindex=0
[2]
color=255,255,255,255
elementtype=10000
event=null
groundoffset=1469.188110,2696.822266,0.000000
groupfile=null
groupid=0
id=0
kind=一般类型
mapedit=0
obstacletype=4
pointarray=(-1.397949,0.064941,0.000000,) (1.205444,0.259521,0.000000,) (1.252075,-1.694580,0.000000,) (-0.726685,-1.694580,0.000000,) (-1.620361,-0.519775,0.000000,) (-1.397949,0.064941,0.000000,) 
pointnum=6
radius=0.200000
regionoffset=13.188110,8.822266,0.000000
template=null
templateindex=0
