[MAIN]
elementnum=1
[0]
color=255,255,255,255
elementtype=10000
event=null
groundoffset=1555.77,3227.25,0
groupfile=null
groupid=0
id=0
kind=“ª∞„¿‡–Õ
mapedit=0
obstacletype=1
pointarray=(0.057129,-3.06103,0,) (1.06738,-2.11865,0,) (1.67371,-0.37207,0,) (2.1084,-0.434082,0,) (2.22461,-1.80542,0,) (5.06458,-2.36939,0,) (5.66223,-3.56567,0,) (5.16284,-4.70606,0,) (5.26038,-6.17334,0,) (4.34485,-6.9436,0,) (3.32764,-8.62329,0,) (2.24817,-8.49365,0,) (1.8147,-6.8794,0,) (0.624023,-5.78955,0,) (0.074341,-4.26172,0,) (0.057129,-3.06103,0,) 
pointnum=16
radius=0.2
regionoffset=3.77246,27.2458,0
template=null
templateindex=0
