[MAIN]
HaveMap=1
brightness=255
color=255,255,255,255
event=½­ÄÏÇø
rect=84,90,115,112
verson=0
windspeed=0.100000,0.000000,0.000000
[Weather]
Weather0=MouldRain
Weather1=MiddleRain
Weather2=Sprinkle
Weather3=Scud
odds0=10
odds1=10
odds2=5
timeMax=20
timeMin=10
weathernum=4
