[MAIN]
color=255,255,255,255
event=Ã“ª®µ∫
rect=91,95,108,106
verson=0
windspeed=0.100000,0.000000,0.000000
