[MAIN]
color=255,255,255,255
event=null
rect=69,69,100,101
verson=0
windspeed=0.100000,0.000000,0.000000
