[MAIN]
elementnum=2
[0]
color=255,255,255,255
elementtype=10000
event=null
groundoffset=1654.46,3354.48,0
groupfile=null
groupid=0
id=0
kind=一般类型
mapedit=0
obstacletype=4
pointarray=(-2.32605,-0.578613,0,) (-1.61231,0.230957,0,) (0.388306,-0.057861,0,) (2.37415,-1.39185,0,) (2.04871,-2.73608,0,) (-0.685303,-3.32349,0,) (-2.32605,-0.578613,0,) 
pointnum=7
radius=0.2
regionoffset=6.46191,26.4795,0
template=null
templateindex=0
[1]
color=255,255,255,255
elementtype=10000
event=null
groundoffset=1656.26,3351.83,0
groupfile=null
groupid=0
id=0
kind=一般类型
mapedit=0
obstacletype=4
pointarray=(-2.06995,-0.324707,0,) (-1.89844,-1.69458,0,) (-0.345581,-2.81103,0,) (1.03491,-2.15356,0,) (2.09265,-1.23682,0,) (0.571411,-0.064941,0,) (-1.20728,0,0,) (-2.06995,-0.324707,0,) 
pointnum=8
radius=0.2
regionoffset=8.26343,23.8308,0
template=null
templateindex=0
