[MAIN]
elementnum=2
[0]
color=255,255,255,255
elementtype=10000
event=null
groundoffset=1740.27,3032.58,0
groupfile=null
groupid=0
id=0
kind=一般类型
mapedit=0
obstacletype=4
pointarray=(-2.32605,-0.578613,0,) (-1.61231,0.230957,0,) (0.388306,-0.057861,0,) (2.37415,-1.39185,0,) (2.04871,-2.73608,0,) (-0.685303,-3.32349,0,) (-2.32605,-0.578613,0,) 
pointnum=7
radius=0.2
regionoffset=12.2697,24.5786,0
template=null
templateindex=0
[1]
color=255,255,255,255
elementtype=10000
event=null
groundoffset=1737.88,3029.97,0
groupfile=null
groupid=0
id=0
kind=一般类型
mapedit=0
obstacletype=4
pointarray=(-1.96362,-0.929443,0,) (-1.01831,0.231689,0,) (0.693115,0.462891,0,) (2.25073,-0.696533,0,) (2.00671,-2.39136,0,) (-0.835571,-2.50879,0,) (-1.96362,-0.929443,0,) 
pointnum=7
radius=0.2
regionoffset=9.8833,21.9683,0
template=null
templateindex=0
