[MAIN]
elementnum=2
[0]
color=255,255,255,255
elementtype=10000
event=null
groundoffset=1969.832520,2710.835938,0.000000
groupfile=null
groupid=0
id=0
kind=一般类型
mapedit=0
obstacletype=4
pointarray=(3.626099,-6.775635,0.000000,) (3.875977,-7.076904,0.000000,) (5.095947,-3.851318,0.000000,) (4.785522,-3.496582,0.000000,) (3.626099,-6.775635,0.000000,) 
pointnum=5
radius=0.200000
regionoffset=1.832520,22.835938,0.000000
template=null
templateindex=0
[1]
color=255,255,255,255
elementtype=10000
event=null
groundoffset=1969.832520,2710.835938,0.000000
groupfile=null
groupid=0
id=0
kind=一般类型
mapedit=0
obstacletype=4
pointarray=(0.267700,-3.437500,0.000000,) (1.446655,-0.218018,0.000000,) (0.192139,-1.265381,0.000000,) (0.267700,-3.437500,0.000000,) 
pointnum=4
radius=0.200000
regionoffset=1.832520,22.835938,0.000000
template=null
templateindex=0
