[MAIN]
elementnum=2
[0]
color=255,255,255,255
elementtype=10000
event=null
groundoffset=1605.01,3249.7,0
groupfile=null
groupid=0
id=0
kind=一般类型
mapedit=0
obstacletype=1
pointarray=(0.057129,-3.06103,0,) (1.06738,-2.11865,0,) (1.67371,-0.37207,0,) (2.1084,-0.434082,0,) (2.22461,-1.80542,0,) (5.06458,-2.36939,0,) (5.66223,-3.56567,0,) (5.16284,-4.70606,0,) (5.26038,-6.17334,0,) (4.34485,-6.9436,0,) (3.32764,-8.62329,0,) (2.24817,-8.49365,0,) (1.8147,-6.8794,0,) (0.624023,-5.78955,0,) (0.074341,-4.26172,0,) (0.057129,-3.06103,0,) 
pointnum=16
radius=0.2
regionoffset=5.0072,17.6992,0
template=null
templateindex=0
[1]
color=255,255,255,255
elementtype=10000
event=null
groundoffset=1604.71,3260.81,0
groupfile=null
groupid=0
id=0
kind=一般类型
mapedit=0
obstacletype=1
pointarray=(-0.050049,-3.60205,0,) (0.426392,-2.97607,0,) (1.20667,-2.91357,0,) (2.02978,-1.42017,0,) (2.50427,-0.18457,0,) (3.21643,-0.123047,0,) (4.73267,0,0,) (5.35205,-1.04858,0,) (4.69934,-2.16528,0,) (5.13513,-3.53931,0,) (5.04126,-4.60815,0,) (4.19067,-6.63696,0,) (3.24658,-6.50952,0,) (2.65796,-5.05029,0,) (1.71204,-5.61987,0,) (1.06152,-4.79761,0,) (0.342407,-4.67139,0,) (-0.050049,-3.60205,0,) 
pointnum=18
radius=0.2
regionoffset=4.71277,28.8064,0
template=null
templateindex=0
