[MAIN]
elementnum=1
[0]
color=255,255,255,255
elementtype=10000
event=null
groundoffset=1723.46,3396.96,0
groupfile=null
groupid=0
id=0
kind=“ª∞„¿‡–Õ
mapedit=0
obstacletype=4
pointarray=(-1.96362,-0.929443,0,) (-1.01831,0.231689,0,) (0.693115,0.462891,0,) (2.25073,-0.696533,0,) (2.00671,-2.39136,0,) (-0.835571,-2.50879,0,) (-1.96362,-0.929443,0,) 
pointnum=7
radius=0.2
regionoffset=11.4615,4.96094,0
template=null
templateindex=0
