[MAIN]
color=255,255,255,255
event=Ë¢¹Öµã
rect=97,98,104,101
verson=0
windspeed=0.130000,0.000000,0.000000
