[MAIN]
HaveMap=1
IsInDoor=0
color=255,255,255,255
event=÷Ïœ…’Ú
rect=80,87,121,109
verson=0
windspeed=0.100000,0.000000,0.000000
[Weather]
HappenTimeMax=1200
HappenTimeMin=600
Odds0=5
Odds1=10
Odds2=5
Odds3=5
Weather0=0
Weather1=6
Weather2=4
Weather3=3
WeatherNum=4
