[MAIN]
elementnum=2
[0]
color=255,255,255,255
elementtype=10000
event=null
groundoffset=1507.633667,2896.589355,0.000000
groupfile=null
groupid=0
id=0
kind=一般类型
mapedit=0
obstacletype=4
pointarray=(2.794922,-12.159180,0.000000,) (0.239380,-6.487549,0.000000,) (0.246826,-5.790527,0.000000,) 
pointnum=3
radius=0.200000
regionoffset=3.633667,16.589355,0.000000
template=null
templateindex=0
[1]
color=255,255,255,255
elementtype=10000
event=null
groundoffset=1507.633667,2896.589355,0.000000
groupfile=null
groupid=0
id=0
kind=一般类型
mapedit=0
obstacletype=4
pointarray=(8.411133,-6.551270,0.000000,) (8.059448,-5.980469,0.000000,) (5.716309,-0.860352,0.000000,) (5.714844,-0.490967,0.000000,) (8.496216,-3.028320,0.000000,) (8.411133,-6.551270,0.000000,) 
pointnum=6
radius=0.200000
regionoffset=3.633667,16.589355,0.000000
template=null
templateindex=0
