[MAIN]
elementnum=2
[0]
color=255,255,255,255
elementtype=10000
event=null
groundoffset=1976.29,2854.42,0
groupfile=null
groupid=0
id=0
kind=一般类型
mapedit=0
obstacletype=4
pointarray=(-2.04968,-1.69311,0,) (-0.245483,0.120361,0,) (1.52747,0.240479,0,) (2.41235,-2.05786,0,) (0.38855,-3.09546,0,) (-1.06409,-2.36255,0,) (-2.04968,-1.69311,0,) 
pointnum=7
radius=0.2
regionoffset=8.29187,6.41577,0
template=null
templateindex=0
[1]
color=255,255,255,255
elementtype=10000
event=null
groundoffset=1976.63,2862.22,0
groupfile=null
groupid=0
id=0
kind=一般类型
mapedit=0
obstacletype=4
pointarray=(-1.39429,-0.874512,0,) (-0.087402,0.249023,0,) (0.718872,0.124512,0,) (1.88904,-2.19385,0,) (0.552368,-3.14209,0,) (-1.27429,-2.19385,0,) (-1.87878,-1.43896,0,) (-1.39429,-0.874512,0,) 
pointnum=8
radius=0.2
regionoffset=8.62976,14.2227,0
template=null
templateindex=0
