[MAIN]
elementnum=2
[0]
color=255,255,255,255
elementtype=10000
event=null
groundoffset=1359.259277,3096.891602,0.000000
groupfile=null
groupid=0
id=0
kind=一般类型
mapedit=0
obstacletype=4
pointarray=(-2.049683,-1.693115,0.000000,) (-0.245483,0.120361,0.000000,) (1.527466,0.240479,0.000000,) (2.412354,-2.057861,0.000000,) (0.388550,-3.095459,0.000000,) (-1.064087,-2.362549,0.000000,) (-2.049683,-1.693115,0.000000,) 
pointnum=7
radius=0.200000
regionoffset=15.259277,24.891602,0.000000
template=null
templateindex=0
[1]
color=255,255,255,255
elementtype=10000
event=null
groundoffset=1359.597168,3104.698486,0.000000
groupfile=null
groupid=0
id=0
kind=一般类型
mapedit=0
obstacletype=4
pointarray=(-1.394287,-0.874512,0.000000,) (-0.087402,0.249023,0.000000,) (0.718872,0.124512,0.000000,) (1.889038,-2.193848,0.000000,) (0.552368,-3.142090,0.000000,) (-1.274292,-2.193848,0.000000,) (-1.878784,-1.438965,0.000000,) (-1.394287,-0.874512,0.000000,) 
pointnum=8
radius=0.200000
regionoffset=15.597168,32.698486,0.000000
template=null
templateindex=0
