[MAIN]
HaveMap=1
IsInDoor=0
brightness=255
color=255,255,255,255
event=³É¶¼¸®
rect=165,142,215,172
verson=0
windspeed=0.100000,0.000000,0.000000
[Weather]
HappenTimeMax=1200
HappenTimeMin=600
Odds0=5
Odds1=10
Odds2=5
Weather0=0
Weather1=1
Weather2=5
Weather3=4
WeatherNum=4
