[MAIN]
elementnum=1
[0]
color=255,255,255,255
elementtype=10000
event=null
groundoffset=1555.05,3291.83,0
groupfile=null
groupid=0
id=0
kind=“ª∞„¿‡–Õ
mapedit=0
obstacletype=1
pointarray=(-0.084595,-1.27148,0,) (-0.004272,-0.253662,0,) (0.443604,0.253174,0,) (1.12756,-0.190186,0,) (2.21362,-1.39893,0,) (2.84094,-1.71851,0,) (2.98767,-2.93726,0,) (2.28113,-3.90503,0,) (1.69983,-4.74805,0,) (0.811401,-4.61792,0,) (0.377686,-3.90503,0,) (0.486938,-3.00171,0,) (0.369629,-2.4231,0,) (0.152588,-2.1665,0,) (-0.084595,-1.27148,0,) 
pointnum=15
radius=0.2
regionoffset=3.04761,27.8301,0
template=null
templateindex=0
