[MAIN]
elementnum=4
[0]
color=255,255,255,255
elementtype=10000
event=null
groundoffset=1872.67,3886.68,0
groupfile=null
groupid=0
id=0
kind=一般类型
mapedit=9
obstacletype=4
pointarray=(3.6261,-6.77563,0,) (3.87598,-7.0769,0,) (5.09595,-3.85132,0,) (4.78552,-3.49658,0,) (3.6261,-6.77563,0,) 
pointnum=5
radius=0.2
regionoffset=0.671143,14.6753,0
template=null
templateindex=0
[1]
color=255,255,255,255
elementtype=10000
event=null
groundoffset=1872.67,3886.68,0
groupfile=null
groupid=0
id=0
kind=一般类型
mapedit=9
obstacletype=4
pointarray=(0.2677,-3.4375,0,) (1.44666,-0.218018,0,) (0.192139,-1.26538,0,) (0.2677,-3.4375,0,) 
pointnum=4
radius=0.2
regionoffset=0.671143,14.6753,0
template=null
templateindex=0
[2]
color=255,255,255,255
elementtype=10000
event=null
groundoffset=1876.11,3883.26,0
groupfile=null
groupid=0
id=0
kind=一般类型
mapedit=9
obstacletype=4
pointarray=(3.6261,-6.77563,0,) (3.87598,-7.0769,0,) (5.09595,-3.85132,0,) (4.78552,-3.49658,0,) (3.6261,-6.77563,0,) 
pointnum=5
radius=0.2
regionoffset=4.11267,11.2554,0
template=null
templateindex=0
[3]
color=255,255,255,255
elementtype=10000
event=null
groundoffset=1876.11,3883.26,0
groupfile=null
groupid=0
id=0
kind=一般类型
mapedit=9
obstacletype=4
pointarray=(0.2677,-3.4375,0,) (1.44666,-0.218018,0,) (0.192139,-1.26538,0,) (0.2677,-3.4375,0,) 
pointnum=4
radius=0.2
regionoffset=4.11267,11.2554,0
template=null
templateindex=0
