[MAIN]
elementnum=2
[0]
color=255,255,255,255
elementtype=10000
event=null
groundoffset=1624.96,3437.52,0
groupfile=null
groupid=0
id=0
kind=一般类型
mapedit=0
obstacletype=4
pointarray=(-2.06995,-0.324707,0,) (-1.89844,-1.69458,0,) (-0.345581,-2.81103,0,) (1.03491,-2.15356,0,) (2.09265,-1.23682,0,) (0.571411,-0.064941,0,) (-1.20728,0,0,) (-2.06995,-0.324707,0,) 
pointnum=8
radius=0.2
regionoffset=8.95544,13.5208,0
template=null
templateindex=0
[1]
color=255,255,255,255
elementtype=10000
event=null
groundoffset=1622.78,3434.94,0
groupfile=null
groupid=0
id=0
kind=一般类型
mapedit=0
obstacletype=4
pointarray=(-2.04968,-1.69311,0,) (-0.245483,0.120361,0,) (1.52747,0.240479,0,) (2.41235,-2.05786,0,) (0.38855,-3.09546,0,) (-1.06409,-2.36255,0,) (-2.04968,-1.69311,0,) 
pointnum=7
radius=0.2
regionoffset=6.78235,10.9387,0
template=null
templateindex=0
