[MAIN]
elementnum=6
[0]
color=255,255,255,255
elementtype=10000
event=null
groundoffset=1635.16,3151.07,0
groupfile=null
groupid=0
id=0
kind=一般类型
mapedit=0
obstacletype=1
pointarray=(0.057129,-3.06103,0,) (1.06738,-2.11865,0,) (1.67371,-0.37207,0,) (2.1084,-0.434082,0,) (2.22461,-1.80542,0,) (5.06458,-2.36939,0,) (5.66223,-3.56567,0,) (5.16284,-4.70606,0,) (5.26038,-6.17334,0,) (4.34485,-6.9436,0,) (3.32764,-8.62329,0,) (2.24817,-8.49365,0,) (1.8147,-6.8794,0,) (0.624023,-5.78955,0,) (0.074341,-4.26172,0,) (0.057129,-3.06103,0,) 
pointnum=16
radius=0.2
regionoffset=3.15613,15.071,0
template=null
templateindex=0
[1]
color=255,255,255,255
elementtype=10000
event=null
groundoffset=1638.84,3149.93,0
groupfile=null
groupid=0
id=0
kind=一般类型
mapedit=0
obstacletype=1
pointarray=(-0.050049,-3.60205,0,) (0.426392,-2.97607,0,) (1.20667,-2.91357,0,) (2.02978,-1.42017,0,) (2.50427,-0.18457,0,) (3.21643,-0.123047,0,) (4.73267,0,0,) (5.35205,-1.04858,0,) (4.69934,-2.16528,0,) (5.13513,-3.53931,0,) (5.04126,-4.60815,0,) (4.19067,-6.63696,0,) (3.24658,-6.50952,0,) (2.65796,-5.05029,0,) (1.71204,-5.61987,0,) (1.06152,-4.79761,0,) (0.342407,-4.67139,0,) (-0.050049,-3.60205,0,) 
pointnum=18
radius=0.2
regionoffset=6.84045,13.9331,0
template=null
templateindex=0
[2]
color=255,255,255,255
elementtype=10000
event=null
groundoffset=1643.84,3150.21,0
groupfile=null
groupid=0
id=0
kind=一般类型
mapedit=0
obstacletype=1
pointarray=(-0.084595,-1.27148,0,) (-0.004272,-0.253662,0,) (0.443604,0.253174,0,) (1.12756,-0.190186,0,) (2.21362,-1.39893,0,) (2.84094,-1.71851,0,) (2.98767,-2.93726,0,) (2.28113,-3.90503,0,) (1.69983,-4.74805,0,) (0.811401,-4.61792,0,) (0.377686,-3.90503,0,) (0.486938,-3.00171,0,) (0.369629,-2.4231,0,) (0.152588,-2.1665,0,) (-0.084595,-1.27148,0,) 
pointnum=15
radius=0.2
regionoffset=11.8405,14.2144,0
template=null
templateindex=0
[3]
color=255,255,255,255
elementtype=10000
event=null
groundoffset=1638.22,3146.83,0
groupfile=null
groupid=0
id=0
kind=一般类型
mapedit=0
obstacletype=1
pointarray=(-0.084595,-1.27148,0,) (-0.004272,-0.253662,0,) (0.443604,0.253174,0,) (1.12756,-0.190186,0,) (2.21362,-1.39893,0,) (2.84094,-1.71851,0,) (2.98767,-2.93726,0,) (2.28113,-3.90503,0,) (1.69983,-4.74805,0,) (0.811401,-4.61792,0,) (0.377686,-3.90503,0,) (0.486938,-3.00171,0,) (0.369629,-2.4231,0,) (0.152588,-2.1665,0,) (-0.084595,-1.27148,0,) 
pointnum=15
radius=0.2
regionoffset=6.22107,10.8284,0
template=null
templateindex=0
[4]
color=255,255,255,255
elementtype=10000
event=null
groundoffset=1632.28,3153.52,0
groupfile=null
groupid=0
id=0
kind=一般类型
mapedit=0
obstacletype=1
pointarray=(-0.084595,-1.27148,0,) (-0.004272,-0.253662,0,) (0.443604,0.253174,0,) (1.12756,-0.190186,0,) (2.21362,-1.39893,0,) (2.84094,-1.71851,0,) (2.98767,-2.93726,0,) (2.28113,-3.90503,0,) (1.69983,-4.74805,0,) (0.811401,-4.61792,0,) (0.377686,-3.90503,0,) (0.486938,-3.00171,0,) (0.369629,-2.4231,0,) (0.152588,-2.1665,0,) (-0.084595,-1.27148,0,) 
pointnum=15
radius=0.2
regionoffset=0.280518,17.5161,0
template=null
templateindex=0
[5]
color=255,255,255,255
elementtype=10000
event=null
groundoffset=1634.09,3152.69,0
groupfile=null
groupid=0
id=0
kind=一般类型
mapedit=0
obstacletype=1
pointarray=(-0.084595,-1.27148,0,) (-0.004272,-0.253662,0,) (0.443604,0.253174,0,) (1.12756,-0.190186,0,) (2.21362,-1.39893,0,) (2.84094,-1.71851,0,) (2.98767,-2.93726,0,) (2.28113,-3.90503,0,) (1.69983,-4.74805,0,) (0.811401,-4.61792,0,) (0.377686,-3.90503,0,) (0.486938,-3.00171,0,) (0.369629,-2.4231,0,) (0.152588,-2.1665,0,) (-0.084595,-1.27148,0,) 
pointnum=15
radius=0.2
regionoffset=2.09302,16.6948,0
template=null
templateindex=0
