[MAIN]
elementnum=2
[0]
color=255,255,255,255
elementtype=10000
event=null
groundoffset=2256.78,3481.91,0
groupfile=null
groupid=0
id=0
kind=一般类型
mapedit=0
obstacletype=4
pointarray=(1.36877,-6.73877,0,) (0.099609,-3.55884,0,) (-0.147583,-3.79688,0,) (1.05884,-6.98096,0,) (1.36877,-6.73877,0,) 
pointnum=5
radius=0.2
regionoffset=0.781982,25.9133,0
template=null
templateindex=0
[1]
color=255,255,255,255
elementtype=10000
event=null
groundoffset=2256.78,3481.91,0
groupfile=null
groupid=0
id=0
kind=一般类型
mapedit=0
obstacletype=4
pointarray=(4.72424,-3.20239,0,) (3.52832,-0.14209,0,) (4.82068,-1.31299,0,) (4.72424,-3.20239,0,) 
pointnum=4
radius=0.2
regionoffset=0.781982,25.9133,0
template=null
templateindex=0
