[MAIN]
elementnum=2
[0]
color=255,255,255,255
elementtype=10000
event=null
groundoffset=1878.74,3159.2,0
groupfile=null
groupid=0
id=0
kind=一般类型
mapedit=0
obstacletype=4
pointarray=(-1.96362,-0.929443,0,) (-1.01831,0.231689,0,) (0.693115,0.462891,0,) (2.25073,-0.696533,0,) (2.00671,-2.39136,0,) (-0.835571,-2.50879,0,) (-1.96362,-0.929443,0,) 
pointnum=7
radius=0.2
regionoffset=6.74402,23.2036,0
template=null
templateindex=0
[1]
color=255,255,255,255
elementtype=10000
event=null
groundoffset=1881.29,3157.79,0
groupfile=null
groupid=0
id=0
kind=一般类型
mapedit=0
obstacletype=4
pointarray=(-2.06995,-0.324707,0,) (-1.89844,-1.69458,0,) (-0.345581,-2.81103,0,) (1.03491,-2.15356,0,) (2.09265,-1.23682,0,) (0.571411,-0.064941,0,) (-1.20728,0,0,) (-2.06995,-0.324707,0,) 
pointnum=8
radius=0.2
regionoffset=9.28882,21.7905,0
template=null
templateindex=0
