[MAIN]
elementnum=1
[0]
color=255,255,255,255
elementtype=10000
event=null
groundoffset=1773.44,3548.22,0
groupfile=null
groupid=0
id=0
kind=“ª∞„¿‡–Õ
mapedit=0
obstacletype=4
pointarray=(-1.65759,-0.561279,0,) (-0.184937,0.186768,0,) (0.991699,-0.623779,0,) (1.82703,-2.00342,0,) (-0.061523,-3.13989,0,) (-1.39868,-2.19238,0,) (-1.65759,-0.561279,0,) 
pointnum=7
radius=0.2
regionoffset=13.4448,28.2161,0
template=null
templateindex=0
