[MAIN]
elementnum=1
[0]
color=255,255,255,255
elementtype=10000
event=null
groundoffset=1165.907349,2854.729248,0.000000
groupfile=null
groupid=0
id=0
kind=“ª∞„¿‡–Õ
mapedit=0
obstacletype=4
pointarray=(-1.394287,-0.874512,0.000000,) (-0.087402,0.249023,0.000000,) (0.718872,0.124512,0.000000,) (1.889038,-2.193848,0.000000,) (0.552368,-3.142090,0.000000,) (-1.274292,-2.193848,0.000000,) (-1.878784,-1.438965,0.000000,) (-1.394287,-0.874512,0.000000,) 
pointnum=8
radius=0.200000
regionoffset=13.907349,6.729248,0.000000
template=null
templateindex=0
