[MAIN]
elementnum=4
[0]
color=255,255,255,255
elementtype=10000
event=null
groundoffset=1647.52,3872.58,0
groupfile=null
groupid=0
id=0
kind=一般类型
mapedit=0
obstacletype=4
pointarray=(3.6261,-6.77563,0,) (3.87598,-7.0769,0,) (5.09595,-3.85132,0,) (4.78552,-3.49658,0,) (3.6261,-6.77563,0,) 
pointnum=5
radius=0.2
regionoffset=-0.484375,32.5771,0
template=null
templateindex=0
[1]
color=255,255,255,255
elementtype=10000
event=null
groundoffset=1647.52,3872.58,0
groupfile=null
groupid=0
id=0
kind=一般类型
mapedit=0
obstacletype=4
pointarray=(0.2677,-3.4375,0,) (1.44666,-0.218018,0,) (0.192139,-1.26538,0,) (0.2677,-3.4375,0,) 
pointnum=4
radius=0.2
regionoffset=-0.484375,32.5771,0
template=null
templateindex=0
[2]
color=255,255,255,255
elementtype=10000
event=null
groundoffset=1650.68,3869.51,0
groupfile=null
groupid=0
id=0
kind=一般类型
mapedit=0
obstacletype=4
pointarray=(3.6261,-6.77563,0,) (3.87598,-7.0769,0,) (5.09595,-3.85132,0,) (4.78552,-3.49658,0,) (3.6261,-6.77563,0,) 
pointnum=5
radius=0.2
regionoffset=2.68225,29.5056,0
template=null
templateindex=0
[3]
color=255,255,255,255
elementtype=10000
event=null
groundoffset=1650.68,3869.51,0
groupfile=null
groupid=0
id=0
kind=一般类型
mapedit=0
obstacletype=4
pointarray=(0.2677,-3.4375,0,) (1.44666,-0.218018,0,) (0.192139,-1.26538,0,) (0.2677,-3.4375,0,) 
pointnum=4
radius=0.2
regionoffset=2.68225,29.5056,0
template=null
templateindex=0
