[MAIN]
elementnum=1
[0]
color=255,255,255,255
elementtype=10000
event=null
groundoffset=1752.23,3042.76,0
groupfile=null
groupid=0
id=0
kind=“ª∞„¿‡–Õ
mapedit=0
obstacletype=1
pointarray=(7.33533,-5.28589,0,) (7.51111,-6.78857,0,) (7.12781,-7.73389,0,) (7.03992,-10.6631,0,) (6.37036,-11.2417,0,) (5.48669,-11.0486,0,) (0.435425,-5.9104,0,) (0.098267,-2.3169,0,) (0.159546,-1.21582,0,) (1.64185,0.242188,0,) (7.33533,-5.28589,0,) 
pointnum=11
radius=0.2
regionoffset=8.23364,34.7646,0
template=null
templateindex=0
