[MAIN]
elementnum=1
[0]
color=255,255,255,255
elementtype=10000
event=null
groundoffset=1895.33,3483.36,0
groupfile=null
groupid=0
id=0
kind=“ª∞„¿‡–Õ
mapedit=0
obstacletype=4
pointarray=(-1.70923,-1.22241,0,) (-1.7428,0.174072,0,) (-0.873169,0.405762,0,) (1.95056,0.174072,0,) (1.98132,-2.21826,0,) (-0.162842,-2.51196,0,) (-1.70923,-1.22241,0,) 
pointnum=7
radius=0.2
regionoffset=7.32947,27.3591,0
template=null
templateindex=0
