[MAIN]
brightness=255
color=130,180,145,255
event=Ø¤°ï
rect=94,91,109,102
verson=0
windspeed=0.100000,0.000000,0.000000
