[MAIN]
brightness=255
color=109,184,164,255
event=null
rect=89,95,101,104
verson=0
windspeed=0.100000,0.000000,0.000000
