[MAIN]
brightness=255
color=101,186,157,255
event=Ø¤°ï
rect=88,90,106,100
verson=0
windspeed=0.100000,0.000000,0.000000
