[MAIN]
brightness=255
color=104,180,160,255
event=Ø¤°ï
rect=98,93,115,103
verson=0
windspeed=0.100000,0.000000,0.000000
