[MAIN]
brightness=255
color=113,181,153,255
event=Ø¤°ï
rect=98,92,115,101
verson=0
windspeed=0.100000,0.000000,0.000000
