[MAIN]
elementnum=1
[0]
color=255,255,255,255
elementtype=10000
event=null
groundoffset=1907.24,3672.45,0
groupfile=null
groupid=0
id=0
kind=“ª∞„¿‡–Õ
mapedit=0
obstacletype=1
pointarray=(0.429565,-3.82446,0,) (3.35242,-1.05005,0,) (4.974,-0.987305,0,) (6.22107,-2.5581,0,) (6.73938,-1.86548,0,) (7.06702,-2.5581,0,) (5.99512,-3.88794,0,) (4.79138,-5.35523,0,) (3.14209,-7.54565,0,) (0.429565,-3.82446,0,) 
pointnum=10
radius=0.2
regionoffset=3.23816,24.4492,0
template=null
templateindex=0
