[MAIN]
elementnum=2
[0]
color=255,255,255,255
elementtype=10000
event=null
groundoffset=2055.000244,2622.804199,0.000000
groupfile=null
groupid=0
id=0
kind=一般类型
mapedit=0
obstacletype=1
pointarray=(7.335327,-5.285889,0.000000,) (7.511108,-6.788574,0.000000,) (7.127808,-7.733887,0.000000,) (7.039917,-10.663086,0.000000,) (6.370361,-11.241699,0.000000,) (5.486694,-11.048584,0.000000,) (0.435425,-5.910400,0.000000,) (0.098267,-2.316895,0.000000,) (0.159546,-1.215820,0.000000,) (1.641846,0.242188,0.000000,) (7.335327,-5.285889,0.000000,) 
pointnum=11
radius=0.200000
regionoffset=7.000244,30.804199,0.000000
template=null
templateindex=0
[1]
color=255,255,255,255
elementtype=10000
event=null
groundoffset=2049.851074,2628.157227,0.000000
groupfile=null
groupid=0
id=0
kind=一般类型
mapedit=0
obstacletype=1
pointarray=(7.335327,-5.285889,0.000000,) (7.511108,-6.788574,0.000000,) (7.127808,-7.733887,0.000000,) (7.039917,-10.663086,0.000000,) (6.370361,-11.241699,0.000000,) (5.486694,-11.048584,0.000000,) (0.435425,-5.910400,0.000000,) (0.098267,-2.316895,0.000000,) (0.159546,-1.215820,0.000000,) (1.641846,0.242188,0.000000,) (7.335327,-5.285889,0.000000,) 
pointnum=11
radius=0.200000
regionoffset=1.851074,36.157227,0.000000
template=null
templateindex=0
