[MAIN]
HaveMap=1
IsInDoor=0
brightness=255
color=255,255,255,255
event=null
rect=140,106,165,129
verson=0
windspeed=0.100000,0.010000,0.000000
[Weather]
HappenTimeMax=1200
HappenTimeMin=600
Odds0=5
Odds1=3
Odds2=10
Weather0=1
Weather1=4
Weather2=5
WeatherNum=3
