[MAIN]
elementnum=2
[0]
color=255,255,255,255
elementtype=10000
event=null
groundoffset=1907.95,3496.02,0
groupfile=null
groupid=0
id=0
kind=一般类型
mapedit=0
obstacletype=4
pointarray=(-2.32605,-0.578613,0,) (-1.61231,0.230957,0,) (0.388306,-0.057861,0,) (2.37415,-1.39185,0,) (2.04871,-2.73608,0,) (-0.685303,-3.32349,0,) (-2.32605,-0.578613,0,) 
pointnum=7
radius=0.2
regionoffset=3.95154,8.01733,0
template=null
templateindex=0
[1]
color=255,255,255,255
elementtype=10000
event=null
groundoffset=1905.28,3494.3,0
groupfile=null
groupid=0
id=0
kind=一般类型
mapedit=0
obstacletype=4
pointarray=(-1.97925,-1.27026,0,) (-0.548462,0.240967,0,) (1.28821,0.30127,0,) (2.16736,-1.81763,0,) (0.499146,-2.54956,0,) (-1.09668,-1.93921,0,) (-1.97925,-1.27026,0,) 
pointnum=7
radius=0.2
regionoffset=1.28479,6.29761,0
template=null
templateindex=0
