[MAIN]
elementnum=2
[0]
color=255,255,255,255
elementtype=10000
event=null
groundoffset=1486.656494,2647.591553,0.000000
groupfile=null
groupid=0
id=0
kind=一般类型
mapedit=0
obstacletype=4
pointarray=(-2.069946,-0.324707,0.000000,) (-1.898438,-1.694580,0.000000,) (-0.345581,-2.811035,0.000000,) (1.034912,-2.153564,0.000000,) (2.092651,-1.236816,0.000000,) (0.571411,-0.064941,0.000000,) (-1.207275,0.000000,0.000000,) (-2.069946,-0.324707,0.000000,) 
pointnum=8
radius=0.200000
regionoffset=14.656494,23.591553,0.000000
template=null
templateindex=0
[1]
color=255,255,255,255
elementtype=10000
event=null
groundoffset=1476.406250,2630.655518,0.000000
groupfile=null
groupid=0
id=0
kind=一般类型
mapedit=0
obstacletype=4
pointarray=(-2.069946,-0.324707,0.000000,) (-1.898438,-1.694580,0.000000,) (-0.345581,-2.811035,0.000000,) (1.034912,-2.153564,0.000000,) (2.092651,-1.236816,0.000000,) (0.571411,-0.064941,0.000000,) (-1.207275,0.000000,0.000000,) (-2.069946,-0.324707,0.000000,) 
pointnum=8
radius=0.200000
regionoffset=4.406250,6.655518,0.000000
template=null
templateindex=0
