[MAIN]
elementnum=1
[0]
color=255,255,255,255
elementtype=10000
event=null
groundoffset=1674.210327,3136.933594,0.000000
groupfile=null
groupid=0
id=0
kind=“ª∞„¿‡–Õ
mapedit=0
obstacletype=1
pointarray=(0.126831,-5.515137,0.000000,) (5.882568,0.120850,0.000000,) (6.591797,-0.241699,0.000000,) (7.536133,-1.820068,0.000000,) (7.433228,-3.166260,0.000000,) (6.960693,-4.770264,0.000000,) (6.977661,-6.013428,0.000000,) (1.710571,-11.135986,0.000000,) (1.015747,-11.135986,0.000000,) (0.419189,-10.240479,0.000000,) (0.126831,-5.515137,0.000000,) 
pointnum=11
radius=0.200000
regionoffset=10.210327,32.933594,0.000000
template=null
templateindex=0
