[MAIN]
HaveMap=1
IsInDoor=1
brightness=255
color=17,173,209,255
event=Îå¶¾½Ì
rect=79,78,144,100
verson=0
windspeed=0.100000,0.000000,0.070000
[LIGHT]
Dawn=255,24,24,40
Dusk=255,56,50,40
Evening=255,48,40,36
Forenoon=255,64,64,64
InDoor=255,4,43,52
MidNight=255,24,24,30
Morning=255,56,56,65
Noon=255,88,88,88
