[MAIN]
elementnum=2
[0]
color=255,255,255,255
elementtype=10000
event=null
groundoffset=1706.51,3410.45,0
groupfile=null
groupid=0
id=0
kind=一般类型
mapedit=0
obstacletype=4
pointarray=(-1.76575,-0.649902,0,) (-1.16956,-0.97583,0,) (-0.568604,0.129639,0,) (0.192139,0.064941,0,) (1.18506,-1.1062,0,) (1.71081,-1.95679,0,) (0.283325,-2.94287,0,) (-1.53967,-1.69458,0,) (-1.76575,-0.649902,0,) 
pointnum=9
radius=0.2
regionoffset=10.5099,18.4453,0
template=null
templateindex=0
[1]
color=255,255,255,255
elementtype=10000
event=null
groundoffset=1709.31,3413.2,0
groupfile=null
groupid=0
id=0
kind=一般类型
mapedit=0
obstacletype=4
pointarray=(-2.32605,-0.578613,0,) (-1.61231,0.230957,0,) (0.388306,-0.057861,0,) (2.37415,-1.39185,0,) (2.04871,-2.73608,0,) (-0.685303,-3.32349,0,) (-2.32605,-0.578613,0,) 
pointnum=7
radius=0.2
regionoffset=13.3118,21.2048,0
template=null
templateindex=0
