[MAIN]
elementnum=1
[0]
color=255,255,255,255
elementtype=10000
event=null
groundoffset=1663.772461,3146.605225,0.000000
groupfile=null
groupid=0
id=0
kind=“ª∞„¿‡–Õ
mapedit=0
obstacletype=1
pointarray=(7.335327,-5.285889,0.000000,) (7.511108,-6.788574,0.000000,) (7.127808,-7.733887,0.000000,) (7.039917,-10.663086,0.000000,) (6.370361,-11.241699,0.000000,) (5.486694,-11.048584,0.000000,) (0.435425,-5.910400,0.000000,) (0.098267,-2.316895,0.000000,) (0.159546,-1.215820,0.000000,) (1.641846,0.242188,0.000000,) (7.335327,-5.285889,0.000000,) 
pointnum=11
radius=0.200000
regionoffset=-0.227539,10.605225,0.000000
template=null
templateindex=0
