[MAIN]
color=255,255,255,255
event=null
rect=58,67,100,101
verson=0
windspeed=0.100000,0.060000,0.000000
