[MAIN]
color=255,255,255,255
event=null
rect=65,67,100,100
verson=0
windspeed=0.100000,0.000000,0.000000
