[MAIN]
elementnum=3
[0]
color=255,255,255,255
elementtype=10000
event=null
groundoffset=1602.49,3238.68,0
groupfile=null
groupid=0
id=0
kind=一般类型
mapedit=0
obstacletype=4
pointarray=(-2.04968,-1.69311,0,) (-0.245483,0.120361,0,) (1.52747,0.240479,0,) (2.41235,-2.05786,0,) (0.38855,-3.09546,0,) (-1.06409,-2.36255,0,) (-2.04968,-1.69311,0,) 
pointnum=7
radius=0.2
regionoffset=2.48804,6.68408,0
template=null
templateindex=0
[1]
color=255,255,255,255
elementtype=10000
event=null
groundoffset=1603.18,3237.22,0
groupfile=null
groupid=0
id=0
kind=一般类型
mapedit=0
obstacletype=4
pointarray=(-2.32605,-0.578613,0,) (-1.61231,0.230957,0,) (0.388306,-0.057861,0,) (2.37415,-1.39185,0,) (2.04871,-2.73608,0,) (-0.685303,-3.32349,0,) (-2.32605,-0.578613,0,) 
pointnum=7
radius=0.2
regionoffset=3.1825,5.21948,0
template=null
templateindex=0
[2]
color=255,255,255,255
elementtype=10000
event=null
groundoffset=1613.52,3240.28,0
groupfile=null
groupid=0
id=0
kind=一般类型
mapedit=0
obstacletype=4
pointarray=(-2.06995,-0.324707,0,) (-1.89844,-1.69458,0,) (-0.345581,-2.81103,0,) (1.03491,-2.15356,0,) (2.09265,-1.23682,0,) (0.571411,-0.064941,0,) (-1.20728,0,0,) (-2.06995,-0.324707,0,) 
pointnum=8
radius=0.2
regionoffset=13.5247,8.28027,0
template=null
templateindex=0
