[MAIN]
elementnum=1
[0]
color=255,255,255,255
elementtype=10000
event=null
groundoffset=1233.042480,2985.149414,0.000000
groupfile=null
groupid=0
id=0
kind=“ª∞„¿‡–Õ
mapedit=0
obstacletype=4
pointarray=(-2.326050,-0.578613,0.000000,) (-1.612305,0.230957,0.000000,) (0.388306,-0.057861,0.000000,) (2.374146,-1.391846,0.000000,) (2.048706,-2.736084,0.000000,) (-0.685303,-3.323486,0.000000,) (-2.326050,-0.578613,0.000000,) 
pointnum=7
radius=0.200000
regionoffset=1.042480,9.149414,0.000000
template=null
templateindex=0
