[MAIN]
elementnum=2
[0]
color=255,255,255,255
elementtype=10000
event=null
groundoffset=1721.06,3244.1,0
groupfile=null
groupid=0
id=0
kind=一般类型
mapedit=0
obstacletype=4
pointarray=(-1.39429,-0.874512,0,) (-0.087402,0.249023,0,) (0.718872,0.124512,0,) (1.88904,-2.19385,0,) (0.552368,-3.14209,0,) (-1.27429,-2.19385,0,) (-1.87878,-1.43896,0,) (-1.39429,-0.874512,0,) 
pointnum=8
radius=0.2
regionoffset=9.05627,12.0974,0
template=null
templateindex=0
[1]
color=255,255,255,255
elementtype=10000
event=null
groundoffset=1719.21,3238.65,0
groupfile=null
groupid=0
id=0
kind=一般类型
mapedit=0
obstacletype=4
pointarray=(-2.06995,-0.324707,0,) (-1.89844,-1.69458,0,) (-0.345581,-2.81103,0,) (1.03491,-2.15356,0,) (2.09265,-1.23682,0,) (0.571411,-0.064941,0,) (-1.20728,0,0,) (-2.06995,-0.324707,0,) 
pointnum=8
radius=0.2
regionoffset=7.21082,6.65186,0
template=null
templateindex=0
