[MAIN]
elementnum=3
[0]
color=255,255,255,255
elementtype=10000
event=null
groundoffset=1568.4,3211.95,0
groupfile=null
groupid=0
id=0
kind=一般类型
mapedit=0
obstacletype=1
pointarray=(0.057129,-3.06103,0,) (1.06738,-2.11865,0,) (1.67371,-0.37207,0,) (2.1084,-0.434082,0,) (2.22461,-1.80542,0,) (5.06458,-2.36939,0,) (5.66223,-3.56567,0,) (5.16284,-4.70606,0,) (5.26038,-6.17334,0,) (4.34485,-6.9436,0,) (3.32764,-8.62329,0,) (2.24817,-8.49365,0,) (1.8147,-6.8794,0,) (0.624023,-5.78955,0,) (0.074341,-4.26172,0,) (0.057129,-3.06103,0,) 
pointnum=16
radius=0.2
regionoffset=0.396362,11.9495,0
template=null
templateindex=0
[1]
color=255,255,255,255
elementtype=10000
event=null
groundoffset=1569.09,3220.48,0
groupfile=null
groupid=0
id=0
kind=一般类型
mapedit=0
obstacletype=1
pointarray=(0.057129,-3.06103,0,) (1.06738,-2.11865,0,) (1.67371,-0.37207,0,) (2.1084,-0.434082,0,) (2.22461,-1.80542,0,) (5.06458,-2.36939,0,) (5.66223,-3.56567,0,) (5.16284,-4.70606,0,) (5.26038,-6.17334,0,) (4.34485,-6.9436,0,) (3.32764,-8.62329,0,) (2.24817,-8.49365,0,) (1.8147,-6.8794,0,) (0.624023,-5.78955,0,) (0.074341,-4.26172,0,) (0.057129,-3.06103,0,) 
pointnum=16
radius=0.2
regionoffset=1.08862,20.4812,0
template=null
templateindex=0
[2]
color=255,255,255,255
elementtype=10000
event=null
groundoffset=1572.99,3210.72,0
groupfile=null
groupid=0
id=0
kind=一般类型
mapedit=0
obstacletype=1
pointarray=(-0.084595,-1.27148,0,) (-0.004272,-0.253662,0,) (0.443604,0.253174,0,) (1.12756,-0.190186,0,) (2.21362,-1.39893,0,) (2.84094,-1.71851,0,) (2.98767,-2.93726,0,) (2.28113,-3.90503,0,) (1.69983,-4.74805,0,) (0.811401,-4.61792,0,) (0.377686,-3.90503,0,) (0.486938,-3.00171,0,) (0.369629,-2.4231,0,) (0.152588,-2.1665,0,) (-0.084595,-1.27148,0,) 
pointnum=15
radius=0.2
regionoffset=4.98584,10.7178,0
template=null
templateindex=0
