[MAIN]
elementnum=1
[0]
color=255,255,255,255
elementtype=10000
event=null
groundoffset=1595.22,3265.68,0
groupfile=null
groupid=0
id=0
kind=“ª∞„¿‡–Õ
mapedit=0
obstacletype=2
pointarray=(1.38489,-1.98315,0,) (0.861206,-1.50049,0,) (1.0105,-0.778564,0,) (1.92297,-0.239258,0,) (2.41675,-0.838623,0,) (2.14978,-1.802,0,) (1.38489,-1.98315,0,) 
pointnum=7
radius=0.2
regionoffset=11.2223,1.68115,0
template=null
templateindex=0
