[MAIN]
eye=1331.225952,3125.218750,160.000000
scale=14.200000
to=1331.225952,2848.090576,0.000000
