[MAIN]
elementnum=2
[0]
color=255,255,255,255
elementtype=10000
event=null
groundoffset=1769.44,3468.21,0
groupfile=null
groupid=0
id=0
kind=一般类型
mapedit=0
obstacletype=4
pointarray=(-2.06995,-0.324707,0,) (-1.89844,-1.69458,0,) (-0.345581,-2.81103,0,) (1.03491,-2.15356,0,) (2.09265,-1.23682,0,) (0.571411,-0.064941,0,) (-1.20728,0,0,) (-2.06995,-0.324707,0,) 
pointnum=8
radius=0.2
regionoffset=9.43762,12.2122,0
template=null
templateindex=0
[1]
color=255,255,255,255
elementtype=10000
event=null
groundoffset=1770.76,3470.37,0
groupfile=null
groupid=0
id=0
kind=一般类型
mapedit=0
obstacletype=4
pointarray=(-1.76575,-0.649902,0,) (-1.16956,-0.97583,0,) (-0.568604,0.129639,0,) (0.192139,0.064941,0,) (1.18506,-1.1062,0,) (1.71081,-1.95679,0,) (0.283325,-2.94287,0,) (-1.53967,-1.69458,0,) (-1.76575,-0.649902,0,) 
pointnum=9
radius=0.2
regionoffset=10.7571,14.3723,0
template=null
templateindex=0
