[MAIN]
elementnum=4
[0]
color=255,255,255,255
elementtype=10000
event=null
groundoffset=1653.23,3085.44,0
groupfile=null
groupid=0
id=0
kind=一般类型
mapedit=0
obstacletype=4
pointarray=(-2.32605,-0.578613,0,) (-1.61231,0.230957,0,) (0.388306,-0.057861,0,) (2.37415,-1.39185,0,) (2.04871,-2.73608,0,) (-0.685303,-3.32349,0,) (-2.32605,-0.578613,0,) 
pointnum=7
radius=0.2
regionoffset=5.22974,13.439,0
template=null
templateindex=0
[1]
color=255,255,255,255
elementtype=10000
event=null
groundoffset=1655.17,3083.25,0
groupfile=null
groupid=0
id=0
kind=一般类型
mapedit=0
obstacletype=4
pointarray=(-1.70923,-1.22241,0,) (-1.7428,0.174072,0,) (-0.873169,0.405762,0,) (1.95056,0.174072,0,) (1.98132,-2.21826,0,) (-0.162842,-2.51196,0,) (-1.70923,-1.22241,0,) 
pointnum=7
radius=0.2
regionoffset=7.16711,11.2539,0
template=null
templateindex=0
[2]
color=255,255,255,255
elementtype=10000
event=null
groundoffset=1651.39,3095.03,0
groupfile=null
groupid=0
id=0
kind=一般类型
mapedit=9
obstacletype=4
pointarray=(-2.32605,-0.578613,0,) (-1.61231,0.230957,0,) (0.388306,-0.057861,0,) (2.37415,-1.39185,0,) (2.04871,-2.73608,0,) (-0.685303,-3.32349,0,) (-2.32605,-0.578613,0,) 
pointnum=7
radius=0.2
regionoffset=3.39246,23.0261,0
template=null
templateindex=0
[3]
color=255,255,255,255
elementtype=10000
event=null
groundoffset=1653.23,3096.41,0
groupfile=null
groupid=0
id=0
kind=一般类型
mapedit=9
obstacletype=4
pointarray=(-1.70923,-1.22241,0,) (-1.7428,0.174072,0,) (-0.873169,0.405762,0,) (1.95056,0.174072,0,) (1.98132,-2.21826,0,) (-0.162842,-2.51196,0,) (-1.70923,-1.22241,0,) 
pointnum=7
radius=0.2
regionoffset=5.23254,24.4143,0
template=null
templateindex=0
