[MAIN]
elementnum=2
[0]
color=255,255,255,255
elementtype=10000
event=null
groundoffset=1472.265381,2659.164063,0.000000
groupfile=null
groupid=0
id=0
kind=一般类型
mapedit=0
obstacletype=4
pointarray=(-2.069946,-0.324707,0.000000,) (-1.898438,-1.694580,0.000000,) (-0.345581,-2.811035,0.000000,) (1.034912,-2.153564,0.000000,) (2.092651,-1.236816,0.000000,) (0.571411,-0.064941,0.000000,) (-1.207275,0.000000,0.000000,) (-2.069946,-0.324707,0.000000,) 
pointnum=8
radius=0.200000
regionoffset=0.265381,3.164063,0.000000
template=null
templateindex=0
[1]
color=255,255,255,255
elementtype=10000
event=null
groundoffset=1473.464355,2677.979736,0.000000
groupfile=null
groupid=0
id=0
kind=一般类型
mapedit=0
obstacletype=4
pointarray=(-1.397949,0.064941,0.000000,) (1.205444,0.259521,0.000000,) (1.252075,-1.694580,0.000000,) (-0.726685,-1.694580,0.000000,) (-1.620361,-0.519775,0.000000,) (-1.397949,0.064941,0.000000,) 
pointnum=6
radius=0.200000
regionoffset=1.464355,21.979736,0.000000
template=null
templateindex=0
