[MAIN]
elementnum=1
[0]
color=255,255,255,255
elementtype=10000
event=null
groundoffset=1725.77,3012.42,0
groupfile=null
groupid=0
id=0
kind=“ª∞„¿‡–Õ
mapedit=0
obstacletype=1
pointarray=(0.126831,-5.51514,0,) (5.88257,0.12085,0,) (6.5918,-0.241699,0,) (7.53613,-1.82007,0,) (7.43323,-3.16626,0,) (6.96069,-4.77026,0,) (6.97766,-6.01343,0,) (1.71057,-11.136,0,) (1.01575,-11.136,0,) (0.419189,-10.2405,0,) (0.126831,-5.51514,0,) 
pointnum=11
radius=0.2
regionoffset=-2.22705,36.4165,0
template=null
templateindex=0
