[MAIN]
color=255,255,255,255
event=event
rect=94,98,104,104
verson=0
windspeed=0.100000,0.000000,0.000000
