[MAIN]
color=255,255,255,255
event=null
rect=96,96,136,130
verson=0
windspeed=0.100000,0.000000,0.000000
