[MAIN]
color=255,255,255,255
event=trap
rect=96,97,104,101
verson=0
windspeed=0.100000,0.000000,0.000000
