[MAIN]
color=255,255,255,255
event=null
rect=83,68,99,99
verson=0
windspeed=0.100000,0.000000,0.000000
