[MAIN]
color=255,255,255,255
event=null
rect=76,94,131,121
verson=0
windspeed=0.100000,0.000000,0.000000
