[MAIN]
HaveMap=1
IsInDoor=0
brightness=255
color=255,255,255,255
event=ÃÎ¾³
rect=82,89,114,108
verson=0
windspeed=0.100000,0.010000,0.000000
[Weather]
HappenTimeMax=1000
HappenTimeMin=500
Odds0=10
Odds1=5
Odds2=5
Weather0=0
Weather1=1
Weather2=5
Weather3=3
WeatherNum=4
