[MAIN]
color=255,255,255,255
event=Ã÷ÔÂÕò
rect=94,96,104,106
verson=0
windspeed=0.100000,0.000000,0.000000
