[MAIN]
color=255,255,255,255
event=—Ô÷›∏Æ
rect=93,97,104,104
verson=0
windspeed=0.100000,0.000000,0.000000
