[MAIN]
color=255,255,255,255
event=宋金报名点
rect=94,94,101,100
verson=0
windspeed=0.100000,0.000000,0.000000
