[MAIN]
color=255,255,255,255
event=trap_weiguobaoming
rect=92,93,105,101
verson=0
windspeed=0.100000,0.000000,0.000000
