[MAIN]
HaveMap=1
IsInDoor=0
brightness=255
color=255,255,255,255
event=ÌìÍõ°ï
rect=95,87,128,116
verson=0
windspeed=0.100000,0.000000,0.000000
[Weather]
HappenTimeMax=20
HappenTimeMin=10
Odds0=5
Odds1=10
Odds2=5
Odds3=5
Weather0=0
Weather1=1
Weather2=5
Weather3=3
WeatherNum=4
