[MAIN]
HaveMap=1
brightness=255
color=46,96,186,255
event=null
rect=97,96,118,106
verson=0
windspeed=0.100000,0.000000,0.000000
