[MAIN]
HaveMap=1
brightness=255
color=255,255,255,255
event=…Ÿ¡÷≈…
rect=78,81,124,113
verson=0
windspeed=0.100000,0.000000,0.000000
