[MAIN]
HaveMap=1
brightness=255
color=0,88,54,255
event=…Ÿ¡÷≈…
rect=92,98,116,112
verson=0
windspeed=0.100000,0.000000,0.000000
