[MAIN]
elementnum=3
[0]
color=255,255,255,255
elementtype=10000
event=null
groundoffset=1556.072388,2669.570557,0.000000
groupfile=null
groupid=0
id=0
kind=一般类型
mapedit=0
obstacletype=4
pointarray=(-1.397949,0.064941,0.000000,) (1.205444,0.259521,0.000000,) (1.252075,-1.694580,0.000000,) (-0.726685,-1.694580,0.000000,) (-1.620361,-0.519775,0.000000,) (-1.397949,0.064941,0.000000,) 
pointnum=6
radius=0.200000
regionoffset=4.072388,13.570557,0.000000
template=null
templateindex=0
[1]
color=255,255,255,255
elementtype=10000
event=null
groundoffset=1559.574219,2683.501465,0.000000
groupfile=null
groupid=0
id=0
kind=一般类型
mapedit=0
obstacletype=4
pointarray=(-1.397949,0.064941,0.000000,) (1.205444,0.259521,0.000000,) (1.252075,-1.694580,0.000000,) (-0.726685,-1.694580,0.000000,) (-1.620361,-0.519775,0.000000,) (-1.397949,0.064941,0.000000,) 
pointnum=6
radius=0.200000
regionoffset=7.574219,27.501465,0.000000
template=null
templateindex=0
[2]
color=255,255,255,255
elementtype=10000
event=null
groundoffset=1553.017212,2682.073242,0.000000
groupfile=null
groupid=0
id=0
kind=一般类型
mapedit=0
obstacletype=4
pointarray=(-1.765747,-0.649902,0.000000,) (-1.169556,-0.975830,0.000000,) (-0.568604,0.129639,0.000000,) (0.192139,0.064941,0.000000,) (1.185059,-1.106201,0.000000,) (1.710815,-1.956787,0.000000,) (0.283325,-2.942871,0.000000,) (-1.539673,-1.694580,0.000000,) (-1.765747,-0.649902,0.000000,) 
pointnum=9
radius=0.200000
regionoffset=1.017212,26.073242,0.000000
template=null
templateindex=0
