[MAIN]
elementnum=2
[0]
color=255,255,255,255
elementtype=10000
event=null
groundoffset=1676.92,3437.21,0
groupfile=null
groupid=0
id=0
kind=一般类型
mapedit=0
obstacletype=4
pointarray=(-2.32605,-0.578613,0,) (-1.61231,0.230957,0,) (0.388306,-0.057861,0,) (2.37415,-1.39185,0,) (2.04871,-2.73608,0,) (-0.685303,-3.32349,0,) (-2.32605,-0.578613,0,) 
pointnum=7
radius=0.2
regionoffset=12.9222,13.208,0
template=null
templateindex=0
[1]
color=255,255,255,255
elementtype=10000
event=null
groundoffset=1678.98,3439.32,0
groupfile=null
groupid=0
id=0
kind=一般类型
mapedit=0
obstacletype=4
pointarray=(-2.04968,-1.69311,0,) (-0.245483,0.120361,0,) (1.52747,0.240479,0,) (2.41235,-2.05786,0,) (0.38855,-3.09546,0,) (-1.06409,-2.36255,0,) (-2.04968,-1.69311,0,) 
pointnum=7
radius=0.2
regionoffset=14.9785,15.3203,0
template=null
templateindex=0
