[MAIN]
elementnum=4
[0]
color=255,255,255,255
elementtype=1001
event=null
groundoffset=1737.953125,3394.278564,0.000000
groupfile=\游戏资源\组件\草－1.txt
groupid=10022
id=0
iframe=2
kind=一般类型
layer=0
mapedit=0
template=\游戏资源\美术图素\野外\花花草草\地面grass_1025_03.txt
templateindex=2
texHeight=61
texWidth=89
texX=0
texY=61
[1]
color=255,255,255,255
elementtype=1001
event=null
groundoffset=1735.790649,3395.684082,0.000000
groupfile=\游戏资源\组件\草－1.txt
groupid=10022
id=0
iframe=2
kind=一般类型
layer=0
mapedit=0
template=\游戏资源\美术图素\野外\花花草草\地面grass_1025_03.txt
templateindex=2
texHeight=61
texWidth=89
texX=0
texY=61
[2]
color=255,255,255,255
elementtype=1001
event=null
groundoffset=1741.231812,3395.362793,0.000000
groupfile=\游戏资源\组件\草－1.txt
groupid=10023
id=0
iframe=3
kind=一般类型
layer=0
mapedit=0
template=\游戏资源\美术图素\野外\花花草草\地面grass_1025_03.txt
templateindex=3
texHeight=62
texWidth=107
texX=0
texY=62
[3]
color=255,255,255,255
elementtype=1001
event=null
groundoffset=1738.284180,3395.615723,0.000000
groupfile=\游戏资源\组件\草－1.txt
groupid=10023
id=0
iframe=2
kind=一般类型
layer=0
mapedit=0
template=\游戏资源\美术图素\野外\花花草草\地面grass_1025_03.txt
templateindex=2
texHeight=61
texWidth=89
texX=0
texY=61
