[MAIN]
color=255,255,255,255
event=null
rect=97,91,128,119
verson=0
windspeed=0.100000,1.859998,0.000000
