[MAIN]
elementnum=1
[0]
color=255,255,255,255
elementtype=10000
event=null
groundoffset=1165.569458,2846.922363,0.000000
groupfile=null
groupid=0
id=0
kind=“ª∞„¿‡–Õ
mapedit=0
obstacletype=4
pointarray=(-2.049683,-1.693115,0.000000,) (-0.245483,0.120361,0.000000,) (1.527466,0.240479,0.000000,) (2.412354,-2.057861,0.000000,) (0.388550,-3.095459,0.000000,) (-1.064087,-2.362549,0.000000,) (-2.049683,-1.693115,0.000000,) 
pointnum=7
radius=0.200000
regionoffset=13.569458,30.922363,0.000000
template=null
templateindex=0
