[MAIN]
elementnum=3
[0]
color=255,255,255,255
elementtype=10000
event=null
groundoffset=1561.15,3145.72,0
groupfile=null
groupid=0
id=0
kind=一般类型
mapedit=0
obstacletype=1
pointarray=(-0.084595,-1.27148,0,) (-0.004272,-0.253662,0,) (0.443604,0.253174,0,) (1.12756,-0.190186,0,) (2.21362,-1.39893,0,) (2.84094,-1.71851,0,) (2.98767,-2.93726,0,) (2.28113,-3.90503,0,) (1.69983,-4.74805,0,) (0.811401,-4.61792,0,) (0.377686,-3.90503,0,) (0.486938,-3.00171,0,) (0.369629,-2.4231,0,) (0.152588,-2.1665,0,) (-0.084595,-1.27148,0,) 
pointnum=15
radius=0.2
regionoffset=9.14746,9.71851,0
template=null
templateindex=0
[1]
color=255,255,255,255
elementtype=10000
event=null
groundoffset=1562.71,3150.1,0
groupfile=null
groupid=0
id=0
kind=一般类型
mapedit=0
obstacletype=1
pointarray=(-0.050049,-3.60205,0,) (0.426392,-2.97607,0,) (1.20667,-2.91357,0,) (2.02978,-1.42017,0,) (2.50427,-0.18457,0,) (3.21643,-0.123047,0,) (4.73267,0,0,) (5.35205,-1.04858,0,) (4.69934,-2.16528,0,) (5.13513,-3.53931,0,) (5.04126,-4.60815,0,) (4.19067,-6.63696,0,) (3.24658,-6.50952,0,) (2.65796,-5.05029,0,) (1.71204,-5.61987,0,) (1.06152,-4.79761,0,) (0.342407,-4.67139,0,) (-0.050049,-3.60205,0,) 
pointnum=18
radius=0.2
regionoffset=10.7086,14.1001,0
template=null
templateindex=0
[2]
color=255,255,255,255
elementtype=10000
event=null
groundoffset=1563.03,3146.69,0
groupfile=null
groupid=0
id=0
kind=一般类型
mapedit=0
obstacletype=1
pointarray=(-0.084595,-1.27148,0,) (-0.004272,-0.253662,0,) (0.443604,0.253174,0,) (1.12756,-0.190186,0,) (2.21362,-1.39893,0,) (2.84094,-1.71851,0,) (2.98767,-2.93726,0,) (2.28113,-3.90503,0,) (1.69983,-4.74805,0,) (0.811401,-4.61792,0,) (0.377686,-3.90503,0,) (0.486938,-3.00171,0,) (0.369629,-2.4231,0,) (0.152588,-2.1665,0,) (-0.084595,-1.27148,0,) 
pointnum=15
radius=0.2
regionoffset=11.0333,10.6865,0
template=null
templateindex=0
