[MAIN]
elementnum=2
[0]
color=255,255,255,255
elementtype=10000
event=null
groundoffset=1480.631958,2623.066406,0.000000
groupfile=null
groupid=0
id=0
kind=一般类型
mapedit=0
obstacletype=4
pointarray=(-1.979248,-1.270264,0.000000,) (-0.548462,0.240967,0.000000,) (1.288208,0.301270,0.000000,) (2.167358,-1.817627,0.000000,) (0.499146,-2.549561,0.000000,) (-1.096680,-1.939209,0.000000,) (-1.979248,-1.270264,0.000000,) 
pointnum=7
radius=0.200000
regionoffset=8.631958,31.066406,0.000000
template=null
templateindex=0
[1]
color=255,255,255,255
elementtype=10000
event=null
groundoffset=1481.684082,2619.595947,0.000000
groupfile=null
groupid=0
id=0
kind=一般类型
mapedit=0
obstacletype=4
pointarray=(-1.765747,-0.649902,0.000000,) (-1.169556,-0.975830,0.000000,) (-0.568604,0.129639,0.000000,) (0.192139,0.064941,0.000000,) (1.185059,-1.106201,0.000000,) (1.710815,-1.956787,0.000000,) (0.283325,-2.942871,0.000000,) (-1.539673,-1.694580,0.000000,) (-1.765747,-0.649902,0.000000,) 
pointnum=9
radius=0.200000
regionoffset=9.684082,27.595947,0.000000
template=null
templateindex=0
