[MAIN]
elementnum=1
[0]
color=255,255,255,255
elementtype=10000
event=null
groundoffset=1643.547729,3137.245850,0.000000
groupfile=null
groupid=0
id=0
kind=“ª∞„¿‡–Õ
mapedit=0
obstacletype=1
pointarray=(0.165039,-1.447510,0.000000,) (1.713867,0.239990,0.000000,) (7.595459,-5.921631,0.000000,) (6.952759,-7.604248,0.000000,) (6.711182,-9.176025,0.000000,) (6.305298,-9.555420,0.000000,) (6.374390,-11.080078,0.000000,) (5.935181,-11.655029,0.000000,) (5.430298,-11.655029,0.000000,) (0.289917,-6.294189,0.000000,) (0.165039,-1.447510,0.000000,) 
pointnum=11
radius=0.200000
regionoffset=11.547729,33.245850,0.000000
template=null
templateindex=0
