[MAIN]
elementnum=4
[0]
color=255,255,255,255
elementtype=10000
event=null
groundoffset=2269.96,3481.65,0
groupfile=null
groupid=0
id=0
kind=一般类型
mapedit=0
obstacletype=4
pointarray=(3.6261,-6.77563,0,) (3.87598,-7.0769,0,) (5.09595,-3.85132,0,) (4.78552,-3.49658,0,) (3.6261,-6.77563,0,) 
pointnum=5
radius=0.2
regionoffset=-2.03882,25.6462,0
template=null
templateindex=0
[1]
color=255,255,255,255
elementtype=10000
event=null
groundoffset=2269.96,3481.65,0
groupfile=null
groupid=0
id=0
kind=一般类型
mapedit=0
obstacletype=4
pointarray=(0.2677,-3.4375,0,) (1.44666,-0.218018,0,) (0.192139,-1.26538,0,) (0.2677,-3.4375,0,) 
pointnum=4
radius=0.2
regionoffset=-2.03882,25.6462,0
template=null
templateindex=0
[2]
color=255,255,255,255
elementtype=10000
event=null
groundoffset=2273.43,3478.18,0
groupfile=null
groupid=0
id=0
kind=一般类型
mapedit=0
obstacletype=4
pointarray=(3.6261,-6.77563,0,) (3.87598,-7.0769,0,) (5.09595,-3.85132,0,) (4.78552,-3.49658,0,) (3.6261,-6.77563,0,) 
pointnum=5
radius=0.2
regionoffset=1.42578,22.1775,0
template=null
templateindex=0
[3]
color=255,255,255,255
elementtype=10000
event=null
groundoffset=2273.43,3478.18,0
groupfile=null
groupid=0
id=0
kind=一般类型
mapedit=0
obstacletype=4
pointarray=(0.2677,-3.4375,0,) (1.44666,-0.218018,0,) (0.192139,-1.26538,0,) (0.2677,-3.4375,0,) 
pointnum=4
radius=0.2
regionoffset=1.42578,22.1775,0
template=null
templateindex=0
