[MAIN]
color=255,255,255,255
event=null
rect=93,96,110,105
verson=0
windspeed=0.110000,0.000000,0.000000
