[MAIN]
elementnum=1
[0]
color=255,255,255,255
elementtype=10000
event=null
groundoffset=1738.641235,3070.153320,0.000000
groupfile=null
groupid=0
id=0
kind=“ª∞„¿‡–Õ
mapedit=0
obstacletype=1
pointarray=(-0.194824,-2.181152,0.000000,) (2.170898,0.134766,0.000000,) (3.089844,-0.229004,0.000000,) (4.223389,-1.813477,0.000000,) (3.911499,-2.918945,0.000000,) (2.198730,-4.278809,0.000000,) (1.115967,-3.844971,0.000000,) (0.126221,-3.597412,0.000000,) (-0.194824,-2.181152,0.000000,) 
pointnum=9
radius=0.200000
regionoffset=10.641235,30.153320,0.000000
template=null
templateindex=0
