[MAIN]
elementnum=1
[0]
color=255,255,255,255
elementtype=10000
event=null
groundoffset=1615.68,3237.87,0
groupfile=null
groupid=0
id=0
kind=“ª∞„¿‡–Õ
mapedit=0
obstacletype=4
pointarray=(-1.39429,-0.874512,0,) (-0.087402,0.249023,0,) (0.718872,0.124512,0,) (1.88904,-2.19385,0,) (0.552368,-3.14209,0,) (-1.27429,-2.19385,0,) (-1.87878,-1.43896,0,) (-1.39429,-0.874512,0,) 
pointnum=8
radius=0.2
regionoffset=15.6786,5.86523,0
template=null
templateindex=0
