[MAIN]
elementnum=1
[0]
color=255,255,255,255
elementtype=10000
event=null
groundoffset=1608.25,3234.38,0
groupfile=null
groupid=0
id=0
kind=“ª∞„¿‡–Õ
mapedit=0
obstacletype=4
pointarray=(-2.06995,-0.324707,0,) (-1.89844,-1.69458,0,) (-0.345581,-2.81103,0,) (1.03491,-2.15356,0,) (2.09265,-1.23682,0,) (0.571411,-0.064941,0,) (-1.20728,0,0,) (-2.06995,-0.324707,0,) 
pointnum=8
radius=0.2
regionoffset=8.25049,2.37842,0
template=null
templateindex=0
