[MAIN]
HaveMap=1
IsInDoor=1
brightness=255
color=2,128,147,255
event=event
rect=98,93,113,100
verson=0
windspeed=0.100000,0.000000,0.000000
