[MAIN]
elementnum=1
[0]
color=255,255,255,255
elementtype=10000
event=null
groundoffset=1495.54,3691.04,0
groupfile=null
groupid=0
id=0
kind=“ª∞„¿‡–Õ
mapedit=0
obstacletype=1
pointarray=(0.352051,-1.55908,0,) (0.998779,-0.497559,0,) (2.62195,-0.871582,0,) (2.7511,-3.63745,0,) (0.202026,-2.56397,0,) (0.352051,-1.55908,0,) 
pointnum=6
radius=0.2
regionoffset=7.53699,11.0376,0
template=null
templateindex=0
