[MAIN]
color=3,145,183,255
event=西北南区
rect=98,97,127,110
verson=0
windspeed=0.100000,0.000000,0.000000
