[MAIN]
color=255,255,255,255
event=ÄÏÔÀÕò
rect=94,84,120,104
verson=0
windspeed=0.100000,0.000000,0.000000
