[MAIN]
HaveMap=1
IsInDoor=0
color=255,255,255,255
event=”¿¿÷’Ú
rect=86,86,118,115
verson=0
windspeed=0.100000,0.000000,0.000000
[Weather]
HappenTimeMax=1200
HappenTimeMin=600
Odds0=5
Odds1=3
Odds2=10
Weather0=1
Weather1=4
Weather2=5
WeatherNum=3
