[MAIN]
elementnum=1
[0]
color=255,255,255,255
elementtype=10000
event=null
groundoffset=1562.26,3174.63,0
groupfile=null
groupid=0
id=0
kind=“ª∞„¿‡–Õ
mapedit=0
obstacletype=1
pointarray=(-0.050049,-3.60205,0,) (0.426392,-2.97607,0,) (1.20667,-2.91357,0,) (2.02978,-1.42017,0,) (2.50427,-0.18457,0,) (3.21643,-0.123047,0,) (4.73267,0,0,) (5.35205,-1.04858,0,) (4.69934,-2.16528,0,) (5.13513,-3.53931,0,) (5.04126,-4.60815,0,) (4.19067,-6.63696,0,) (3.24658,-6.50952,0,) (2.65796,-5.05029,0,) (1.71204,-5.61987,0,) (1.06152,-4.79761,0,) (0.342407,-4.67139,0,) (-0.050049,-3.60205,0,) 
pointnum=18
radius=0.2
regionoffset=10.2625,6.62915,0
template=null
templateindex=0
