[MAIN]
elementnum=2
[0]
color=255,255,255,255
elementtype=10000
event=null
groundoffset=1588.25,3214.77,0
groupfile=null
groupid=0
id=0
kind=一般类型
mapedit=0
obstacletype=4
pointarray=(-1.76575,-0.649902,0,) (-1.16956,-0.97583,0,) (-0.568604,0.129639,0,) (0.192139,0.064941,0,) (1.18506,-1.1062,0,) (1.71081,-1.95679,0,) (0.283325,-2.94287,0,) (-1.53967,-1.69458,0,) (-1.76575,-0.649902,0,) 
pointnum=9
radius=0.2
regionoffset=4.25061,14.7681,0
template=null
templateindex=0
[1]
color=255,255,255,255
elementtype=10000
event=null
groundoffset=1585.88,3211.52,0
groupfile=null
groupid=0
id=0
kind=一般类型
mapedit=0
obstacletype=4
pointarray=(-1.76575,-0.649902,0,) (-1.16956,-0.97583,0,) (-0.568604,0.129639,0,) (0.192139,0.064941,0,) (1.18506,-1.1062,0,) (1.71081,-1.95679,0,) (0.283325,-2.94287,0,) (-1.53967,-1.69458,0,) (-1.76575,-0.649902,0,) 
pointnum=9
radius=0.2
regionoffset=1.87561,11.5166,0
template=null
templateindex=0
