[MAIN]
HaveMap=1
brightness=201
color=255,255,255,255
event=uworld
rect=93,77,131,104
verson=0
windspeed=0.100000,0.000000,0.000000
[Weather]
Weather0=MouldRain
Weather1=MiddleRain
Weather2=Sprinkle
Weather3=Scud
odds0=10
odds1=10
odds2=5
timeMax=20
timeMin=10
weathernum=4
