[MAIN]
elementnum=2
[0]
color=255,255,255,255
elementtype=10000
event=null
groundoffset=1758.72,3236.17,0
groupfile=null
groupid=0
id=0
kind=一般类型
mapedit=0
obstacletype=1
pointarray=(13.9203,-22.6875,0,) (0.410889,-9.48755,0,) 
pointnum=2
radius=0.2
regionoffset=-1.27563,36.1743,0
template=null
templateindex=0
[1]
color=255,255,255,255
elementtype=10000
event=null
groundoffset=1758.72,3236.17,0
groupfile=null
groupid=0
id=0
kind=一般类型
mapedit=0
obstacletype=1
pointarray=(3.54395,-6.38989,0,) (17.4102,-20.011,0,) (17.4485,-9.36499,0,) (17.8934,-8.63208,0,) (9.47253,-0.058105,0,) (3.54395,-6.38989,0,) 
pointnum=6
radius=0.2
regionoffset=-1.27563,36.1743,0
template=null
templateindex=0
