[MAIN]
elementnum=1
[0]
color=255,255,255,255
elementtype=10000
event=null
groundoffset=1483.474243,2723.601563,0.000000
groupfile=null
groupid=0
id=0
kind=“ª∞„¿‡–Õ
mapedit=0
obstacletype=4
pointarray=(-1.979248,-1.270264,0.000000,) (-0.548462,0.240967,0.000000,) (1.288208,0.301270,0.000000,) (2.167358,-1.817627,0.000000,) (0.499146,-2.549561,0.000000,) (-1.096680,-1.939209,0.000000,) (-1.979248,-1.270264,0.000000,) 
pointnum=7
radius=0.200000
regionoffset=11.474243,3.601563,0.000000
template=null
templateindex=0
