[MAIN]
elementnum=3
[0]
color=255,255,255,255
elementtype=10000
event=null
groundoffset=1652.83,3216.56,0
groupfile=null
groupid=0
id=0
kind=一般类型
mapedit=0
obstacletype=4
pointarray=(-0.244873,-0.748779,0,) (0.796387,0.1604,0,) (1.53369,-0.02124,0,) (2.15491,-0.931396,0,) (1.70178,-2.15185,0,) (0.561401,-2.58105,0,) (0.065796,-2.09058,0,) (-0.244873,-0.748779,0,) 
pointnum=8
radius=0.2
regionoffset=4.83423,16.5625,0
template=null
templateindex=0
[1]
color=255,255,255,255
elementtype=10000
event=null
groundoffset=1655.46,3223.86,0
groupfile=null
groupid=0
id=0
kind=一般类型
mapedit=0
obstacletype=4
pointarray=(-0.368408,-0.751465,0,) (0.219238,-0.023926,0,) (1.23206,0.157471,0,) (1.53796,-0.387207,0,) (1.59839,-1.29883,0,) (1.22839,-1.54272,0,) (0.642212,-1.78711,0,) (-0.033691,-1.35986,0,) (-0.368408,-0.751465,0,) 
pointnum=9
radius=0.2
regionoffset=7.45886,23.8643,0
template=null
templateindex=0
[2]
color=255,255,255,255
elementtype=10000
event=null
groundoffset=1653.59,3206.65,0
groupfile=null
groupid=0
id=0
kind=一般类型
mapedit=0
obstacletype=4
pointarray=(-0.113525,-0.875977,0,) (0.845337,0.158936,0,) (1.42847,-0.266602,0,) (1.15015,-0.814941,0,) (0.313477,-1.79419,0,) (-0.241089,-1.54883,0,) (-0.113525,-0.875977,0,) 
pointnum=7
radius=0.2
regionoffset=5.58838,6.6521,0
template=null
templateindex=0
