[MAIN]
elementnum=3
[0]
color=255,255,255,255
elementtype=10000
event=null
groundoffset=1729.859253,3017.310791,0.000000
groupfile=null
groupid=0
id=0
kind=一般类型
mapedit=0
obstacletype=1
pointarray=(0.126831,-5.515137,0.000000,) (5.882568,0.120850,0.000000,) (6.591797,-0.241699,0.000000,) (7.536133,-1.820068,0.000000,) (7.433228,-3.166260,0.000000,) (6.960693,-4.770264,0.000000,) (6.977661,-6.013428,0.000000,) (1.710571,-11.135986,0.000000,) (1.015747,-11.135986,0.000000,) (0.419189,-10.240479,0.000000,) (0.126831,-5.515137,0.000000,) 
pointnum=11
radius=0.200000
regionoffset=1.859253,9.310791,0.000000
template=null
templateindex=0
[1]
color=255,255,255,255
elementtype=10000
event=null
groundoffset=1725.078613,3027.919189,0.000000
groupfile=null
groupid=0
id=0
kind=一般类型
mapedit=0
obstacletype=1
pointarray=(0.165039,-1.447510,0.000000,) (1.713867,0.239990,0.000000,) (7.595459,-5.921631,0.000000,) (6.952759,-7.604248,0.000000,) (6.711182,-9.176025,0.000000,) (6.305298,-9.555420,0.000000,) (6.374390,-11.080078,0.000000,) (5.935181,-11.655029,0.000000,) (5.430298,-11.655029,0.000000,) (0.289917,-6.294189,0.000000,) (0.165039,-1.447510,0.000000,) 
pointnum=11
radius=0.200000
regionoffset=-2.921387,19.919189,0.000000
template=null
templateindex=0
[2]
color=255,255,255,255
elementtype=10000
event=null
groundoffset=1730.708984,3022.105225,0.000000
groupfile=null
groupid=0
id=0
kind=一般类型
mapedit=0
obstacletype=1
pointarray=(0.165039,-1.447510,0.000000,) (1.713867,0.239990,0.000000,) (7.595459,-5.921631,0.000000,) (6.952759,-7.604248,0.000000,) (6.711182,-9.176025,0.000000,) (6.305298,-9.555420,0.000000,) (6.374390,-11.080078,0.000000,) (5.935181,-11.655029,0.000000,) (5.430298,-11.655029,0.000000,) (0.289917,-6.294189,0.000000,) (0.165039,-1.447510,0.000000,) 
pointnum=11
radius=0.200000
regionoffset=2.708984,14.105225,0.000000
template=null
templateindex=0
